[gd_scene load_steps=12 format=3 uid="uid://cocntdx7uikor"]

[ext_resource type="PackedScene" uid="uid://dd3dm305m8uwx" path="res://Frog/Frog.tscn" id="1_0wvwd"]
[ext_resource type="PackedScene" uid="uid://2u4b2vx1erhe" path="res://Lane/Lane.tscn" id="2_hyfrk"]
[ext_resource type="PackedScene" uid="uid://da4837w5e71nh" path="res://Vehicle/Vehicle.tscn" id="2_ri2qc"]
[ext_resource type="PackedScene" uid="uid://ctv4dx4gjufbf" path="res://Nest/Nest.tscn" id="4_ljbhj"]
[ext_resource type="PackedScene" uid="uid://dh150y0dwalu8" path="res://River/River.tscn" id="5_7gsh6"]
[ext_resource type="PackedScene" uid="uid://bf762pqmo2hau" path="res://Vessel/Vessel.tscn" id="6_aj5df"]

[sub_resource type="ProceduralSkyMaterial" id="ProceduralSkyMaterial_70a5e"]
sky_top_color = Color(0.61705, 0.389747, 0.133266, 1)
sky_horizon_color = Color(0.704262, 0.639687, 0.566566, 1)
ground_horizon_color = Color(0.704262, 0.639687, 0.566566, 1)

[sub_resource type="Sky" id="Sky_clyx4"]
sky_material = SubResource("ProceduralSkyMaterial_70a5e")

[sub_resource type="Environment" id="Environment_us8yg"]
background_mode = 2
sky = SubResource("Sky_clyx4")
tonemap_mode = 2
glow_enabled = true

[sub_resource type="StandardMaterial3D" id="StandardMaterial3D_h1u5f"]
albedo_color = Color(0.0985202, 0.264006, 0.127816, 1)

[sub_resource type="PlaneMesh" id="PlaneMesh_x301o"]

[node name="Main" type="Node"]

[node name="WorldEnvironment" type="WorldEnvironment" parent="."]
environment = SubResource("Environment_us8yg")

[node name="DirectionalLight3D" type="DirectionalLight3D" parent="."]
transform = Transform3D(-0.866023, -0.433016, 0.250001, 0, 0.499998, 0.866027, -0.500003, 0.749999, -0.43301, 3.97499, 14.2464, 0)
shadow_enabled = true

[node name="Frog" parent="." instance=ExtResource("1_0wvwd")]

[node name="Rig" type="Node3D" parent="Frog"]
transform = Transform3D(0.994028, -0.0945069, 0.0545636, 0, 0.5, 0.866025, -0.109127, -0.860853, 0.497014, 0, 0, 0)

[node name="Camera" type="Camera3D" parent="Frog/Rig"]
transform = Transform3D(1, 0, 0, 0, 1, 0, 0, 0, 1, 0, 0, 8)
fov = 63.782

[node name="Lane" parent="." instance=ExtResource("2_hyfrk")]
transform = Transform3D(-3.25355e-08, 1.65436e-24, -1, 3.72529e-09, 1, 1.65436e-24, 1, 1.65436e-24, -4.92993e-08, -1.60578e-07, 1.8386e-08, 2.93545)

[node name="Vehicle" parent="Lane" instance=ExtResource("2_ri2qc")]
transform = Transform3D(0.577387, 1.57435e-09, 0.81647, 1.57435e-09, 1, -3.04159e-09, -0.81647, 3.04159e-09, 0.577387, 0, 4.44089e-16, -2.3931)

[node name="Vehicle2" parent="Lane" instance=ExtResource("2_ri2qc")]
transform = Transform3D(1, 0, 0, 0, 1, 0, 0, -5.38255e-32, 1, 1.19209e-07, -2.22045e-15, 2.95324)

[node name="Vehicle3" parent="Lane" instance=ExtResource("2_ri2qc")]
transform = Transform3D(1, 0, 0, 0, 1, 0, 0, -5.38255e-32, 1, 3.57628e-07, -1.33227e-15, 8)

[node name="Grass" type="MeshInstance3D" parent="."]
transform = Transform3D(29.3204, 0, 0, 0, 29.3204, 0, 0, 0, 29.3204, 0, 0, 0)
material_override = SubResource("StandardMaterial3D_h1u5f")
mesh = SubResource("PlaneMesh_x301o")

[node name="Nest" parent="." instance=ExtResource("4_ljbhj")]
transform = Transform3D(1, 0, 0, 0, 1, 0, 0, 0, 1, 0, 0, -6)

[node name="Nest2" parent="." instance=ExtResource("4_ljbhj")]
transform = Transform3D(1, 0, 0, 0, 1, 0, 0, 0, 1, 4, 0, -6)

[node name="Nest3" parent="." instance=ExtResource("4_ljbhj")]
transform = Transform3D(1, 0, 0, 0, 1, 0, 0, 0, 1, -3, 0, -6)

[node name="River" parent="." instance=ExtResource("5_7gsh6")]
transform = Transform3D(-4.37114e-08, 0, 1, 0, 1, 0, -1, 0, -4.37114e-08, 8.74228e-08, 0, -3)

[node name="River2" parent="." instance=ExtResource("5_7gsh6")]
transform = Transform3D(-4.37114e-08, 0, -1, 0, 1, 0, 1, 0, -4.37114e-08, -1.31134e-07, 0, -1)

[node name="River3" parent="." instance=ExtResource("5_7gsh6")]
transform = Transform3D(-4.37114e-08, 0, 1, 0, 1, 0, -1, 0, -4.37114e-08, 8.74228e-08, 0, -7)

[node name="Vessel" parent="River3" instance=ExtResource("6_aj5df")]
transform = Transform3D(1, 0, 0, 0, 1, 0, 0, 0, 1, 0, 0, -3.438)

[node name="River4" parent="." instance=ExtResource("5_7gsh6")]
transform = Transform3D(-4.37114e-08, 0, -1, 0, 1, 0, 1, 0, -4.37114e-08, -1.31134e-07, 0, -5)
